30
0 97 82 9 91 14 24 40 91 43 39 63 29 99 84 5 81 85 35 60 56 57 52 39 35 72 34 7 23 96 
1 0 16 77 44 53 56 44 56 100 97 63 90 10 46 88 26 67 14 47 42 66 9 88 98 82 4 40 38 81 
61 2 0 50 41 86 66 3 21 12 97 77 60 77 45 52 78 73 53 36 34 85 76 9 98 43 6 61 36 21 
81 97 27 0 1 84 53 98 30 41 37 18 43 92 74 4 26 36 72 56 26 54 91 2 72 67 96 4 23 29 
32 4 61 28 0 44 69 99 45 78 38 69 41 7 39 48 22 87 54 99 97 39 50 65 82 19 24 30 39 86 
73 45 66 30 75 0 40 93 66 40 22 100 23 33 74 46 62 34 94 90 4 92 66 97 8 35 99 26 61 14 
47 53 98 77 40 32 0 72 38 89 44 29 61 69 3 11 48 64 64 57 41 82 89 97 24 38 84 55 67 79 
36 29 89 5 72 61 53 0 97 100 74 13 38 34 82 2 22 74 14 44 30 54 97 26 30 10 77 69 21 82 
44 7 16 14 95 39 61 33 0 19 15 17 62 64 100 38 67 4 81 30 49 9 16 76 60 98 62 86 71 79 
77 95 17 27 78 22 24 8 26 0 62 57 61 95 81 28 32 55 96 75 55 73 15 52 52 48 96 84 85 27 
67 80 67 63 11 62 69 49 85 29 0 31 2 73 72 77 99 57 45 1 96 44 38 65 63 99 4 78 97 67 
72 7 27 21 8 67 77 28 6 96 33 0 54 59 4 59 40 71 33 95 19 39 16 27 27 8 45 3 66 39 
28 4 75 31 76 47 13 2 26 91 58 59 0 63 24 65 92 33 93 71 88 82 27 1 86 70 89 20 80 24 
15 39 59 3 23 55 74 39 22 36 16 93 13 0 48 68 59 48 80 73 4 6 49 4 86 47 67 4 45 43 
67 66 5 2 86 11 36 83 67 81 65 38 53 66 0 27 26 80 66 26 45 57 50 24 25 61 71 76 81 15 
78 86 63 47 12 56 90 53 83 95 69 93 92 66 56 0 54 12 29 57 2 45 10 73 43 36 81 44 63 71 
28 12 1 97 91 73 63 32 19 2 18 36 11 30 57 24 0 35 59 45 65 3 61 79 54 31 39 93 96 35 
2 58 92 72 93 86 27 36 90 62 66 41 44 73 46 27 16 0 70 11 16 29 62 21 33 39 70 20 82 55 
13 66 31 73 10 32 13 82 12 4 17 7 68 64 43 28 31 86 0 76 30 7 72 95 42 6 13 93 76 33 
96 55 15 27 82 39 88 76 27 96 5 6 57 20 92 52 100 99 8 0 52 26 80 19 97 100 16 96 5 97 
81 6 52 33 84 5 75 50 16 83 64 4 77 45 96 46 19 19 24 1 0 48 57 7 55 78 76 48 77 24 
58 5 57 75 2 89 78 24 29 26 32 96 68 20 64 29 45 68 36 91 14 0 44 15 33 50 52 34 77 75 
95 20 31 36 75 37 15 90 61 96 44 66 25 57 3 21 35 79 77 53 40 88 0 66 37 63 86 57 89 37 
71 28 31 69 41 9 81 52 97 11 89 47 17 53 50 60 62 91 14 77 26 44 81 0 56 83 94 81 92 72 
72 42 36 22 28 82 92 44 5 10 99 96 77 75 11 8 49 74 56 53 5 54 57 37 0 38 88 18 59 41 
3 89 75 87 10 4 16 45 97 6 36 85 56 93 97 87 70 59 73 88 23 94 94 75 55 0 5 82 49 95 
32 89 9 70 74 5 8 25 59 5 70 10 10 71 1 37 35 3 58 59 11 73 86 26 52 19 0 22 36 84 
66 87 22 81 66 80 43 71 61 92 60 83 39 94 79 38 17 80 62 93 6 55 26 12 71 42 38 0 76 72 
6 37 23 63 28 47 30 30 89 72 75 41 40 76 59 69 8 66 53 43 44 51 58 78 29 23 52 11 0 84 
45 74 65 81 72 76 71 99 91 45 8 16 31 38 80 1 93 24 71 29 50 70 39 51 82 35 69 69 54 0 