31
0 46 55 68 36 25 53 21 5 41 34 57 87 36 65 11 31 79 28 3 58 87 64 61 86 2 14 70 20 27 20 
38 0 96 88 42 79 39 92 70 46 68 74 39 33 35 90 36 11 85 63 80 52 47 61 90 64 26 35 98 32 34 
27 58 0 49 32 9 19 98 54 11 45 37 95 39 52 27 99 8 34 36 33 40 46 52 72 24 90 21 84 67 18 
71 48 9 0 67 16 30 5 8 30 38 65 2 12 37 33 5 44 61 4 44 6 69 80 59 82 91 71 58 80 6 
78 71 33 23 0 74 86 73 94 81 33 16 93 81 71 2 78 15 38 18 32 71 73 34 22 57 12 57 44 51 24 
33 8 78 19 13 0 36 89 5 11 53 95 36 80 44 1 53 70 15 4 17 11 31 6 21 13 53 5 86 79 46 
48 36 56 73 27 22 0 76 81 23 59 76 75 26 24 3 53 78 22 71 73 9 86 47 6 70 85 21 65 1 5 
31 10 94 71 72 76 72 0 1 91 92 20 43 84 88 76 35 18 43 6 39 18 37 78 42 59 68 63 89 51 48 
73 17 77 87 3 65 38 27 0 8 27 1 99 89 47 69 35 83 30 32 61 62 6 88 15 79 32 74 56 31 36 
68 48 32 1 4 39 36 77 56 0 52 72 29 14 97 20 28 48 58 71 12 75 58 84 33 45 21 95 78 9 25 
96 81 90 51 33 96 78 32 82 66 0 13 82 53 37 18 54 30 94 19 97 20 71 70 97 68 34 89 85 58 29 
5 60 9 40 96 7 55 58 28 59 73 0 6 42 81 37 35 18 33 25 23 73 21 60 46 30 83 90 48 34 92 
95 31 76 14 32 12 57 69 8 37 58 77 0 19 15 12 92 63 56 8 41 99 99 48 80 91 27 82 22 57 89 
4 38 7 29 92 70 41 35 89 57 69 87 77 0 87 67 18 37 12 19 89 57 10 44 83 87 90 31 67 11 3 
81 11 63 17 71 91 78 32 59 60 40 53 39 96 0 66 18 91 25 16 84 52 18 28 93 99 95 40 28 85 23 
35 4 73 10 62 30 66 57 42 36 4 59 90 15 25 0 38 53 55 98 47 94 26 11 83 17 96 10 35 79 68 
37 33 99 28 72 42 13 23 24 13 33 90 78 46 87 21 0 47 57 32 80 68 22 52 78 7 67 17 20 32 21 
43 33 78 99 100 53 90 70 92 45 9 92 14 38 63 32 4 0 32 74 71 88 41 16 79 18 69 4 6 11 45 
35 55 5 73 44 13 31 20 87 35 64 35 15 96 67 44 56 6 0 15 89 80 3 65 49 72 21 4 23 36 32 
90 26 56 10 69 69 92 93 54 39 70 53 30 28 97 46 25 12 25 0 32 7 22 25 38 45 95 98 31 71 75 
39 24 89 23 62 48 87 65 90 58 1 19 14 33 5 98 19 57 17 18 0 82 78 7 99 68 99 61 96 22 9 
13 22 24 8 54 47 39 58 2 16 42 17 87 29 14 29 18 8 31 38 54 0 78 96 71 43 86 95 60 28 66 
98 28 72 95 60 56 34 39 17 22 19 75 33 86 67 75 56 5 33 7 75 14 0 28 34 15 72 20 46 79 69 
3 7 93 19 77 58 88 33 98 72 7 7 98 90 94 36 1 11 16 37 8 28 4 0 77 43 69 29 78 31 45 
63 7 75 33 100 81 3 29 65 52 72 72 67 73 70 36 6 55 52 70 86 29 58 35 0 42 59 65 43 41 52 
86 6 66 70 65 11 69 12 61 26 24 65 6 74 100 22 88 70 13 46 14 22 16 63 66 0 74 55 35 3 59 
80 73 66 64 22 72 69 32 73 68 9 47 64 74 69 96 67 55 87 8 72 43 48 54 98 66 0 3 64 53 41 
9 50 25 15 13 66 27 77 14 7 92 49 92 59 66 65 57 40 29 69 84 29 22 53 65 79 53 0 13 78 2 
21 30 12 92 61 48 24 82 34 53 41 84 23 7 3 25 29 72 40 15 16 65 96 5 76 27 16 67 0 63 40 
13 6 66 40 64 43 62 66 92 50 52 55 17 95 19 77 70 55 37 66 24 94 20 94 80 56 48 49 17 0 2 
16 97 46 66 94 1 25 7 92 40 61 41 84 30 67 23 46 39 69 69 46 63 46 85 10 16 7 27 95 59 0 