32
0 84 36 39 21 30 41 31 70 27 84 81 86 52 88 3 82 10 15 98 76 34 34 96 36 98 37 49 75 28 62 74 
59 0 72 51 58 71 68 100 48 36 36 24 30 58 75 98 24 55 25 27 18 48 47 67 61 23 97 67 25 68 89 53 
78 27 0 83 27 61 71 10 44 92 10 95 1 100 5 56 40 2 67 38 85 84 99 87 30 24 99 80 55 81 63 9 
50 45 65 0 57 56 5 21 9 21 65 30 32 73 35 21 67 94 39 100 30 58 100 84 33 45 23 86 20 38 17 83 
100 99 13 33 0 11 30 3 83 13 79 15 22 86 32 95 71 78 6 71 23 96 68 38 45 86 98 69 50 83 4 44 
64 48 37 72 52 0 99 74 21 67 8 14 62 45 48 69 25 4 91 64 84 69 69 83 87 58 90 43 36 10 28 20 
19 31 8 34 37 42 0 96 7 93 32 100 53 64 63 29 68 59 95 92 10 50 37 68 47 39 1 63 51 86 75 37 
91 9 96 21 63 55 91 0 9 32 68 21 13 48 97 40 48 22 44 100 38 74 95 23 71 22 89 44 63 64 11 95 
72 34 75 82 60 96 27 38 0 10 39 73 14 13 7 65 64 51 74 83 48 61 26 87 68 10 63 70 73 77 92 8 
56 47 86 85 78 97 25 65 98 0 97 48 6 12 59 43 29 92 48 86 16 53 100 62 49 41 96 17 2 29 33 22 
70 80 37 31 49 6 3 3 67 94 0 80 66 58 39 81 51 72 21 85 30 16 49 57 14 3 39 64 48 79 79 37 
58 12 65 4 57 81 27 59 20 17 27 0 88 73 52 75 79 11 76 88 29 3 10 53 81 76 29 13 47 80 70 6 
37 84 13 38 52 32 86 63 7 92 15 65 0 8 31 11 15 46 10 34 86 89 72 33 54 72 68 59 26 73 74 51 
33 11 56 87 47 5 13 73 47 15 86 28 57 0 39 25 51 45 23 97 81 15 56 39 100 24 17 13 90 26 87 25 
59 63 81 11 82 63 8 70 86 97 73 61 66 77 0 82 16 99 49 71 59 57 54 65 33 2 52 40 50 23 51 99 
86 72 45 48 8 97 20 63 44 72 18 14 41 88 85 0 50 35 37 43 73 21 83 53 91 27 37 14 91 62 27 57 
54 15 15 73 57 94 29 66 73 28 62 24 54 8 23 20 0 97 86 66 29 59 71 74 59 65 81 49 51 46 36 31 
71 34 48 90 2 87 90 46 58 28 65 87 89 65 25 27 15 0 86 88 2 73 57 15 74 62 12 7 11 87 45 43 
36 65 76 99 31 90 59 4 80 60 7 84 9 23 67 75 56 36 0 66 29 93 16 69 51 9 62 18 63 20 67 45 
51 56 67 22 81 86 67 78 72 48 87 2 50 90 68 49 39 74 50 0 88 58 62 4 68 68 75 74 24 68 20 14 
2 49 83 80 89 56 18 30 96 21 100 55 79 47 70 26 12 85 72 12 0 36 93 70 40 30 78 42 40 38 45 52 
21 78 14 75 40 69 5 39 62 96 59 87 72 51 78 84 9 37 90 27 82 0 91 56 18 69 76 61 91 85 78 87 
30 62 75 86 71 93 50 30 63 73 10 85 60 43 83 100 99 11 83 84 77 68 0 9 34 55 83 56 48 72 80 41 
50 36 26 87 78 30 95 62 77 88 67 54 32 87 9 22 73 69 10 3 24 21 85 0 38 66 28 52 44 15 86 45 
88 69 47 84 86 11 100 47 53 79 100 42 92 29 3 98 51 43 30 91 90 83 47 52 0 49 50 44 77 66 14 91 
67 64 1 81 75 27 69 99 37 82 35 2 1 23 89 76 16 63 42 4 96 44 74 87 1 0 97 85 68 77 48 23 
41 48 40 90 76 14 82 80 38 29 46 6 72 3 96 25 7 55 71 26 40 2 69 96 89 24 0 5 25 35 88 94 
24 40 76 76 62 84 37 91 27 56 58 24 37 42 22 45 85 50 24 32 18 75 16 90 98 23 33 0 76 68 98 1 
86 1 26 22 15 37 95 54 50 79 86 61 48 8 1 51 55 21 55 11 2 98 18 1 100 81 8 53 0 24 67 93 
11 8 66 80 62 97 76 90 43 14 48 42 30 6 2 29 12 47 72 42 65 16 99 62 28 25 16 59 36 0 38 64 
30 5 99 16 60 22 1 46 12 62 31 73 39 87 59 11 49 2 96 83 95 9 89 44 25 48 23 85 73 4 0 64 
51 17 60 25 4 57 51 11 10 65 82 97 24 27 93 92 50 10 66 63 40 85 67 48 91 3 93 99 57 20 10 0 