32
0 7 54 80 26 24 56 94 8 59 61 62 95 33 50 92 9 56 4 99 73 15 34 15 39 68 86 99 72 25 22 14 
62 0 60 15 98 46 52 93 93 74 48 91 25 25 37 35 60 12 51 8 37 5 100 68 37 57 63 20 64 28 44 42 
98 44 0 37 41 7 88 14 63 70 69 45 77 67 55 27 99 21 59 82 28 11 32 95 50 11 62 99 85 5 50 7 
100 85 46 0 8 17 51 80 50 85 34 37 71 40 20 29 82 41 49 29 86 80 82 26 83 5 50 30 20 2 45 38 
44 1 60 52 0 52 55 76 54 85 33 60 44 42 54 67 30 1 49 41 27 6 1 48 6 68 65 38 86 2 11 82 
99 81 59 24 18 0 33 10 88 56 86 71 80 56 21 100 72 34 40 67 85 1 20 26 63 8 2 67 85 40 66 80 
86 43 46 23 29 44 0 84 27 24 91 48 14 2 49 96 43 41 76 79 90 66 77 99 3 75 92 26 77 7 63 17 
47 21 28 96 35 46 73 0 36 12 58 82 2 15 52 34 81 33 5 47 16 74 85 22 92 20 92 71 45 36 34 76 
5 78 87 12 71 5 44 19 0 53 25 28 66 53 74 43 20 35 28 28 20 78 87 7 33 26 65 68 59 27 37 34 
68 16 64 95 42 74 21 6 10 0 10 2 86 7 37 75 66 90 21 52 40 91 68 68 42 43 43 7 22 54 24 19 
75 41 81 28 60 58 70 72 63 73 0 80 99 76 37 7 44 10 8 75 64 97 55 25 22 34 67 54 4 74 38 19 
93 1 80 18 68 22 32 23 10 58 24 0 60 60 36 21 45 37 99 52 11 65 60 100 21 38 94 56 25 38 13 6 
99 89 38 43 92 17 94 25 40 21 29 98 0 9 17 27 44 93 51 69 65 44 20 10 30 71 30 43 90 78 70 82 
17 51 27 25 83 5 36 29 69 56 37 24 96 0 19 5 80 35 14 58 53 42 38 11 74 9 81 2 88 87 25 20 
98 74 87 22 70 87 5 23 20 80 38 60 35 63 0 13 9 79 98 79 66 99 34 90 15 89 37 8 44 21 43 26 
81 85 26 88 99 25 50 33 58 19 90 7 18 61 85 0 60 35 59 83 74 7 20 76 20 2 82 43 54 44 44 89 
71 46 46 95 80 45 99 63 74 59 80 5 100 47 92 15 0 20 5 35 73 38 43 51 46 3 64 80 8 82 33 15 
86 85 69 47 31 28 83 83 35 55 78 36 93 42 91 22 19 0 15 73 52 2 19 5 50 46 20 66 44 11 58 53 
24 29 58 44 33 87 62 70 4 37 52 11 88 87 53 35 88 58 0 20 77 67 95 64 55 14 4 29 18 22 100 14 
44 92 91 7 17 68 24 19 15 12 67 31 37 32 25 78 58 26 83 0 88 2 43 31 22 66 17 13 67 83 41 91 
42 68 94 80 53 13 1 39 23 36 77 45 10 82 99 5 35 10 63 56 0 87 80 83 36 85 40 85 77 81 99 8 
88 10 43 9 31 31 100 51 15 73 26 24 34 47 8 31 73 100 21 22 10 0 74 8 81 97 45 38 82 1 68 32 
46 27 100 16 93 13 20 65 27 2 75 54 88 79 52 27 74 27 6 29 66 14 0 89 93 94 2 80 42 31 89 61 
49 53 55 79 53 78 71 99 26 65 18 82 87 92 80 28 41 97 56 74 30 53 76 0 72 21 51 6 63 41 58 83 
23 24 85 16 86 54 96 85 30 65 92 79 68 40 54 81 30 2 44 95 66 65 27 72 0 9 55 75 22 96 45 55 
12 73 62 62 83 50 97 28 60 65 79 14 48 31 48 17 92 55 3 96 14 63 17 26 86 0 1 54 38 36 73 12 
79 76 41 49 5 98 31 6 80 34 78 73 38 17 6 64 2 31 57 94 77 20 70 46 19 96 0 57 14 35 45 60 
20 64 53 38 32 91 46 85 40 77 18 19 56 1 7 19 81 93 93 82 17 65 99 43 40 71 65 0 16 45 91 25 
12 43 66 28 60 14 38 49 57 11 91 62 100 83 42 96 59 83 36 41 30 72 44 68 44 96 25 70 0 87 61 82 
22 99 65 31 49 10 89 15 94 96 26 91 32 97 8 91 75 71 16 75 30 48 5 74 66 19 23 15 50 0 23 99 
91 63 74 19 87 9 54 84 70 71 95 54 10 34 85 66 79 21 84 87 2 43 37 22 85 55 2 74 2 83 0 11 
70 85 3 53 43 63 52 91 43 94 51 60 19 54 41 96 83 82 4 54 86 42 66 95 27 97 63 41 96 39 82 0 