33
0 52 81 31 6 62 87 46 89 80 21 77 68 74 45 81 43 20 13 81 60 8 27 75 24 32 64 14 55 30 40 97 100 
7 0 34 46 59 13 34 1 20 8 57 65 2 6 10 34 16 53 100 56 78 54 56 48 19 37 52 17 75 5 11 55 42 
17 50 0 53 58 3 91 49 18 92 79 92 6 50 97 63 79 57 97 3 3 5 10 38 28 28 82 5 41 31 45 41 37 
41 10 13 0 91 19 95 39 59 91 81 45 30 45 22 18 58 59 75 92 54 52 47 23 82 40 16 28 1 45 51 26 32 
72 41 4 63 0 52 12 75 14 34 30 68 73 85 10 81 64 51 38 79 78 6 84 17 84 37 26 33 56 82 38 66 43 
57 93 11 15 85 0 12 40 15 88 53 6 96 64 74 32 62 16 6 6 70 1 92 1 92 88 89 30 92 37 1 91 36 
28 33 36 58 9 68 0 27 45 53 35 73 69 46 23 49 72 77 25 25 19 21 6 77 17 79 6 66 30 47 46 13 39 
69 72 45 31 65 85 17 0 52 81 48 55 40 69 96 37 87 75 5 53 88 55 63 51 56 38 37 40 13 1 34 61 71 
2 8 25 95 8 51 65 92 0 17 10 21 23 58 17 69 19 66 80 45 13 72 68 31 40 97 75 31 9 75 48 47 5 
99 5 77 39 100 9 18 90 72 0 59 75 20 80 78 64 71 49 88 100 23 29 80 65 11 67 31 59 40 93 91 48 49 
21 83 28 20 22 61 61 34 15 59 0 24 62 10 46 85 34 12 90 85 91 95 26 89 28 53 54 67 40 8 2 18 57 
80 48 73 23 19 94 78 86 90 31 73 0 81 32 95 62 7 11 97 87 11 6 40 11 93 78 71 28 33 13 3 23 59 
25 34 34 50 63 30 50 23 62 1 47 98 0 58 63 39 45 70 35 90 95 43 26 14 1 41 57 79 43 76 70 6 26 
60 79 57 29 46 2 70 4 88 86 33 43 77 0 35 50 25 3 29 75 98 34 45 86 22 100 20 78 18 1 24 69 46 
72 23 19 53 91 55 86 59 4 93 57 99 27 50 0 18 51 65 15 51 64 87 32 75 99 80 25 88 92 9 53 83 38 
4 29 69 39 100 70 66 3 52 51 73 70 91 30 76 0 66 31 69 1 8 36 30 69 78 98 28 85 62 49 55 29 83 
37 32 95 20 11 19 92 75 17 64 84 73 17 43 16 4 0 90 77 62 7 25 56 99 59 25 48 89 95 33 11 56 86 
1 10 10 52 98 38 79 7 1 90 92 55 71 80 64 60 76 0 12 29 30 8 90 73 77 66 58 25 55 95 76 67 56 
18 85 69 52 80 27 15 9 14 43 64 41 2 65 77 84 12 48 0 74 84 80 86 27 97 66 99 1 66 77 99 30 16 
59 42 4 62 63 79 28 88 92 25 30 94 44 85 70 7 92 94 7 0 90 26 12 3 51 41 22 21 84 34 70 15 37 
38 80 93 32 8 27 79 85 44 80 2 18 35 49 58 82 74 55 45 82 0 3 12 60 83 33 56 18 10 74 88 53 98 
18 82 44 36 19 25 80 41 20 71 18 66 68 70 36 56 12 19 19 32 44 0 97 1 29 97 100 5 15 14 55 27 67 
51 15 14 5 62 44 36 90 1 85 16 91 55 70 74 69 99 62 95 97 81 56 0 23 20 98 37 67 98 67 99 75 10 
44 52 48 91 2 100 11 67 24 62 28 10 33 15 41 76 49 90 33 96 3 95 5 0 9 52 76 63 67 46 12 35 28 
41 18 36 54 71 4 23 54 21 47 98 98 82 70 56 87 91 92 58 7 34 99 8 22 0 77 21 59 43 8 27 98 12 
39 66 12 74 57 40 57 44 90 75 31 5 70 83 56 43 1 33 63 94 32 26 3 40 75 0 59 91 93 3 8 100 29 
26 73 62 84 24 64 12 27 89 67 62 2 27 89 2 14 42 57 36 54 22 11 32 94 37 81 0 42 83 66 72 30 27 
41 61 65 38 46 30 64 10 52 64 50 46 45 47 95 14 52 28 13 91 48 15 82 100 80 18 51 0 59 22 31 66 75 
64 48 56 93 79 40 64 54 39 83 100 74 93 91 31 52 32 87 53 19 49 77 91 7 96 12 52 54 0 25 65 37 15 
27 21 18 23 47 24 47 41 98 87 8 23 71 19 70 2 78 37 39 82 64 14 81 74 37 5 21 18 12 0 13 11 52 
53 28 92 55 63 36 83 60 63 1 32 69 77 94 37 99 31 55 6 4 61 26 10 77 24 56 70 73 91 96 0 100 58 
18 9 21 31 62 81 37 28 71 31 86 100 6 79 43 61 49 29 94 68 88 36 51 30 73 84 47 93 52 61 2 0 5 
36 36 8 95 74 68 67 22 7 22 62 4 73 95 38 33 7 12 21 7 54 58 98 45 54 32 74 12 95 46 61 29 0 