28
0 99 42 75 87 65 68 45 74 72 65 72 52 58 14 41 51 99 65 8 3 94 62 83 31 18 60 56 
1 0 76 71 7 35 63 62 72 95 24 73 80 19 32 19 71 11 95 46 35 78 10 14 96 97 29 29 
61 91 0 24 76 38 95 50 94 77 77 7 73 91 57 92 9 14 8 27 89 40 37 26 68 92 92 100 
16 13 16 0 14 56 67 34 84 18 60 46 12 96 79 38 32 25 28 12 87 81 36 98 51 81 48 62 
39 83 7 94 0 89 60 52 45 41 19 8 99 54 6 86 53 21 83 7 56 33 69 97 67 57 90 91 
82 58 51 88 50 0 78 100 53 4 63 75 89 32 61 99 1 49 90 37 88 82 82 63 5 19 68 15 
98 68 70 40 18 46 0 72 40 76 44 60 16 50 2 7 50 25 16 37 49 74 88 14 91 12 71 35 
95 95 61 69 20 18 86 0 31 56 13 52 15 43 87 38 24 19 60 86 75 82 38 81 25 81 87 11 
15 49 70 69 65 57 32 93 0 57 88 50 38 21 36 15 42 69 96 97 75 8 22 5 64 74 44 73 
36 76 72 84 66 64 54 51 94 0 34 34 89 49 4 9 43 25 69 24 16 70 57 90 72 69 41 13 
9 66 80 82 47 17 69 7 68 54 0 62 84 68 18 47 38 61 63 100 17 66 1 42 9 5 62 50 
15 61 53 72 40 68 81 77 37 85 17 0 62 35 1 45 7 54 18 78 32 54 93 71 62 72 14 59 
60 48 22 95 100 19 30 50 13 13 44 21 0 18 91 80 36 72 59 26 22 95 42 74 9 56 1 40 
33 55 68 23 54 38 17 51 2 96 100 14 71 0 19 37 79 9 18 34 73 66 83 47 20 55 32 46 
99 3 58 31 48 88 45 66 20 38 57 84 31 9 0 52 21 91 40 78 64 46 91 65 63 67 87 68 
65 67 89 85 55 90 100 7 42 55 24 76 56 90 30 0 52 7 90 88 5 49 91 36 39 75 11 77 
59 4 59 3 52 44 57 67 50 54 40 88 95 25 29 85 0 71 34 80 4 30 58 13 38 56 19 19 
69 60 85 30 98 76 54 98 91 84 61 13 72 46 51 29 49 0 39 26 18 91 56 16 14 9 9 73 
22 94 26 26 8 78 80 73 65 100 57 55 69 79 48 54 38 99 0 39 29 40 8 24 46 35 91 15 
70 42 6 93 27 96 58 33 36 1 50 18 38 29 54 22 88 7 54 0 86 58 93 46 80 23 98 28 
58 52 61 38 64 70 14 38 55 29 1 56 6 27 48 72 94 77 55 96 0 8 94 24 86 57 64 93 
38 82 22 39 10 61 23 78 89 53 85 70 17 58 50 58 20 16 55 40 97 0 80 93 88 87 33 21 
72 85 15 9 35 64 12 95 95 37 75 17 23 32 90 85 70 45 97 70 27 92 0 30 41 56 49 71 
22 4 2 86 95 26 79 12 85 45 53 10 45 12 26 100 65 73 35 97 74 34 49 0 66 51 20 60 
98 89 45 38 87 93 53 47 40 12 96 13 30 74 54 66 36 84 91 21 53 84 45 21 0 82 49 16 
54 46 38 37 12 57 21 27 15 89 1 31 89 88 63 55 86 33 14 98 13 39 37 54 93 0 53 27 
32 72 42 81 1 68 30 82 30 18 67 44 21 35 34 20 65 27 11 80 4 96 48 83 43 1 0 53 
68 32 85 37 44 56 50 88 28 25 2 55 89 91 37 65 43 98 64 45 26 43 76 66 3 53 27 0 