30
0 25 77 46 71 100 79 4 36 4 27 93 14 57 98 72 59 48 11 2 100 57 62 89 19 17 21 5 65 26 
46 0 48 72 40 19 93 48 81 53 91 12 14 27 67 92 37 8 75 70 86 87 75 76 35 6 8 17 30 86 
56 41 0 5 59 94 57 59 5 52 99 23 69 48 11 52 21 49 45 53 21 71 14 79 73 57 7 64 72 90 
87 50 92 0 57 7 69 74 15 58 35 25 49 19 39 69 64 36 9 19 4 43 61 32 48 70 34 52 85 30 
70 62 29 37 0 91 6 2 38 66 36 89 52 98 44 13 90 78 80 75 91 98 18 77 68 69 25 100 58 96 
21 40 76 64 48 0 23 59 73 72 88 32 66 17 37 47 25 89 18 98 76 96 41 51 85 82 95 43 40 65 
63 17 24 85 7 96 0 98 71 66 11 65 5 28 45 83 26 69 62 35 47 56 76 22 85 41 58 31 55 93 
75 23 7 61 5 100 71 0 60 24 49 60 54 24 46 12 90 56 13 25 47 51 6 97 35 74 60 20 98 43 
76 96 65 35 5 36 93 27 0 60 74 69 49 31 72 24 39 88 44 65 51 1 88 82 35 21 63 93 50 9 
37 28 70 32 40 41 53 86 34 0 36 89 50 18 28 26 31 68 15 64 75 64 49 37 31 74 48 73 33 94 
49 89 10 18 12 12 14 82 91 46 0 87 61 72 76 7 50 22 7 61 2 52 58 39 51 63 78 42 27 26 
50 64 66 70 46 96 98 98 41 83 86 0 46 64 76 76 47 50 66 58 1 92 51 47 57 38 18 17 90 54 
69 1 69 90 22 13 69 14 94 95 20 54 0 29 23 56 67 20 69 47 83 91 11 95 14 55 31 90 16 49 
56 40 54 8 16 99 99 41 79 23 17 42 68 0 48 17 66 31 63 24 67 29 6 5 31 25 40 43 82 16 
2 56 81 20 38 82 7 27 19 26 55 100 20 27 0 39 3 65 36 57 99 4 34 44 30 32 85 4 54 43 
16 63 86 29 55 5 11 39 96 81 31 57 60 90 5 0 31 11 16 13 61 54 66 76 37 79 91 47 65 30 
97 9 60 93 28 69 97 57 27 11 67 72 56 87 35 35 0 83 47 99 92 31 76 57 73 35 10 93 99 9 
88 58 16 7 99 7 38 20 81 60 84 48 24 79 86 30 72 0 60 80 23 55 68 52 94 90 58 98 79 4 
52 87 42 67 76 38 86 95 88 25 28 97 65 92 79 49 54 29 0 66 55 41 75 26 15 21 38 15 55 20 
10 14 6 45 16 77 84 32 87 34 23 60 65 47 44 30 60 80 82 0 7 46 10 98 31 49 22 74 56 16 
70 80 54 62 8 14 84 91 76 42 38 56 94 81 10 68 63 22 63 95 0 19 36 30 92 27 79 97 89 80 
66 79 33 4 17 46 99 55 16 5 16 25 84 86 61 92 81 66 17 59 47 0 92 67 65 87 55 23 69 49 
8 82 46 72 22 12 51 14 9 4 73 46 55 100 17 61 52 2 91 14 28 78 0 55 22 30 68 94 50 40 
7 69 2 55 81 17 90 93 68 79 2 52 73 34 75 86 81 50 12 29 32 70 41 0 28 29 63 32 59 93 
34 76 89 61 50 78 94 93 33 50 43 55 65 100 82 6 9 12 87 70 60 86 76 66 0 31 12 12 15 73 
62 42 52 21 71 87 11 71 92 10 95 93 33 65 30 91 44 28 31 47 51 30 30 70 73 0 4 5 33 6 
48 29 63 41 59 4 89 52 65 82 91 80 14 76 3 30 9 49 65 51 85 50 72 21 53 74 0 72 74 76 
88 48 98 56 19 34 16 67 13 84 10 90 7 60 75 54 96 43 23 32 83 68 95 94 10 10 78 0 57 90 
28 83 40 72 36 48 71 15 65 41 87 32 1 14 80 65 34 14 65 82 61 82 67 63 28 17 35 99 0 40 
9 34 90 98 7 80 32 62 22 23 90 5 2 15 13 45 34 40 42 16 56 30 41 92 2 18 47 13 56 0 