29
0 4 49 45 40 22 62 23 65 50 95 45 6 13 76 42 33 100 41 54 40 33 36 92 26 21 7 11 42 
72 0 34 8 65 31 77 16 2 79 86 2 37 97 86 7 38 99 40 33 6 12 54 6 26 68 61 32 68 
74 48 0 73 49 14 87 66 4 31 58 56 23 49 65 81 10 88 41 1 96 40 29 69 82 80 55 67 12 
96 53 66 0 100 55 98 81 92 11 9 52 41 24 22 96 78 45 4 22 7 76 68 58 38 45 79 50 51 
55 83 94 29 0 23 99 59 41 55 69 62 60 49 55 73 87 79 99 38 16 31 68 15 30 66 15 40 22 
85 62 76 60 86 0 51 90 59 17 45 67 16 43 79 73 72 68 16 26 89 62 74 63 22 2 88 50 21 
21 17 93 71 29 93 0 77 76 76 3 16 8 99 12 20 31 86 26 71 53 5 38 41 10 13 50 48 98 
83 83 26 50 92 78 27 0 65 99 61 75 84 75 100 29 3 56 29 38 74 83 73 99 42 64 66 54 37 
41 47 22 75 58 8 73 31 0 74 73 29 58 55 81 70 6 85 30 47 17 80 97 78 42 42 62 15 18 
12 8 6 12 50 25 37 53 20 0 32 12 55 83 74 84 19 2 79 46 45 97 35 34 11 36 74 91 90 
66 57 26 55 100 33 59 92 87 28 0 73 52 49 31 26 60 62 3 42 97 24 96 10 56 55 78 13 14 
43 91 21 7 70 8 65 4 8 85 52 0 27 13 56 55 6 12 21 71 13 12 10 91 18 39 16 47 37 
39 21 4 15 98 82 16 21 30 42 80 90 0 16 30 64 70 4 61 14 67 91 99 97 31 48 74 69 92 
86 26 6 55 79 35 86 91 7 52 67 17 42 0 72 56 49 97 20 17 11 77 67 50 46 34 22 5 10 
71 33 92 65 29 95 12 84 87 36 87 50 55 60 0 80 97 18 47 54 75 41 89 95 28 32 20 43 67 
33 7 25 96 84 34 12 78 94 76 96 78 21 41 92 0 4 89 34 60 47 5 8 86 4 97 71 94 74 
31 55 72 57 23 50 20 70 14 11 97 61 22 41 59 67 0 72 51 85 72 39 6 33 46 25 82 4 16 
45 39 88 83 94 93 66 54 12 81 11 63 69 89 39 52 56 0 36 52 72 71 65 10 95 53 71 82 86 
42 98 22 65 93 81 34 3 24 65 79 44 28 37 34 92 17 9 0 84 34 47 59 90 55 29 6 58 93 
63 79 12 26 56 23 59 30 94 83 88 50 55 55 92 18 3 59 15 0 25 93 81 89 3 89 70 82 84 
95 86 79 27 70 45 47 65 18 30 4 98 95 58 54 95 23 72 37 62 0 65 17 76 70 27 64 4 62 
73 14 94 31 45 87 24 7 66 84 39 47 75 89 17 67 4 78 54 64 71 0 48 45 62 75 63 60 87 
98 66 75 34 73 87 32 90 90 70 100 8 65 75 13 84 35 78 43 71 87 51 0 30 80 64 57 24 43 
69 99 90 27 17 71 81 6 54 6 51 22 15 7 66 19 71 46 29 7 61 25 57 0 41 91 9 62 10 
45 61 59 30 42 83 39 96 29 94 86 95 3 22 92 24 38 46 37 19 71 87 78 42 0 88 75 31 78 
83 30 13 54 4 83 35 29 47 48 40 40 41 54 20 39 87 49 37 24 97 84 31 70 39 0 89 92 13 
62 75 31 59 27 75 6 50 78 3 88 40 19 53 12 66 84 83 90 12 39 15 98 2 59 87 0 23 45 
85 99 88 63 12 95 36 67 76 62 19 5 76 78 81 92 31 59 12 70 84 47 6 69 64 50 23 0 34 
59 16 38 70 15 14 33 12 42 63 79 46 92 57 6 54 24 89 4 4 70 27 14 9 72 2 41 9 0 