34
0 29 89 1 15 3 26 99 1 14 69 64 48 34 33 89 1 71 72 83 60 3 67 76 95 3 79 7 64 30 81 21 95 68 
28 0 72 41 73 64 44 69 53 9 49 99 26 1 2 96 58 73 90 44 8 3 49 23 69 50 35 96 46 39 27 36 30 3 
34 66 0 68 5 69 5 48 66 77 49 66 75 11 55 95 45 56 29 80 50 58 74 88 79 84 86 23 91 33 55 56 93 58 
46 58 98 0 14 43 36 81 32 32 65 73 37 34 43 8 47 90 95 80 18 32 16 22 21 1 86 93 28 74 42 3 5 16 
70 88 6 84 0 86 9 64 59 23 28 24 3 98 77 20 91 25 36 10 6 78 93 79 30 30 69 6 16 6 54 34 73 64 
25 26 65 74 65 0 2 64 8 56 17 70 76 60 46 94 20 65 60 10 55 29 95 44 21 4 59 37 91 100 40 97 36 13 
95 54 91 99 98 73 0 63 60 52 33 27 87 61 81 24 68 40 71 5 65 58 79 12 48 77 95 84 62 17 90 38 73 94 
66 73 84 100 9 38 49 0 82 52 65 64 37 13 14 84 97 55 2 44 93 46 91 59 84 30 67 97 43 39 34 38 98 12 
48 45 39 7 49 90 21 52 0 31 45 85 6 60 94 4 31 3 55 66 66 47 56 1 82 88 84 92 13 76 69 48 61 25 
96 48 62 58 81 14 49 77 38 0 78 33 17 49 40 47 40 85 17 27 66 11 25 26 57 39 71 73 1 97 35 42 88 17 
10 3 80 46 36 94 80 27 99 52 0 38 27 87 36 36 4 11 74 51 60 38 39 73 54 85 14 60 89 17 53 33 46 20 
90 18 62 12 55 73 29 17 63 11 10 0 65 53 45 72 22 11 67 35 42 79 69 63 18 33 68 46 61 14 18 1 81 34 
16 9 63 15 5 66 87 81 22 93 77 24 0 24 75 37 42 10 28 19 6 83 30 49 17 80 13 3 32 42 22 23 44 46 
39 74 93 30 70 71 46 43 9 93 32 17 79 0 87 28 2 76 12 16 61 59 88 61 92 25 44 94 51 47 42 3 8 76 
99 2 14 8 91 42 51 88 46 24 77 15 4 69 0 9 74 35 4 75 42 36 6 66 75 60 85 64 4 74 59 72 42 71 
17 73 33 1 60 57 32 66 37 4 87 99 18 89 8 0 7 50 73 15 74 8 83 4 45 37 30 30 82 52 25 5 58 77 
30 63 87 67 78 26 28 62 16 4 69 12 58 17 9 35 0 50 52 75 27 14 21 74 93 7 20 80 56 61 48 27 13 3 
80 91 18 20 62 28 18 35 38 27 34 86 82 70 77 49 75 0 38 40 29 41 95 100 62 95 69 57 83 74 46 94 14 59 
62 78 93 98 93 63 7 8 57 94 19 31 75 91 79 99 54 88 0 15 58 40 35 5 98 13 46 38 24 99 6 23 17 27 
77 51 35 1 24 44 87 99 44 19 83 96 81 69 90 90 37 31 33 0 71 40 40 15 26 40 73 30 39 48 92 95 95 88 
51 22 34 52 87 34 48 7 38 100 57 50 34 58 98 69 82 11 39 97 0 44 20 93 33 17 86 52 61 67 50 76 34 47 
88 61 8 100 56 88 38 9 81 9 38 77 72 61 100 22 67 79 17 73 44 0 11 66 88 46 60 75 89 94 35 8 1 95 
35 62 89 83 47 11 70 68 47 85 12 93 43 19 80 70 18 65 90 73 61 20 0 28 50 37 86 30 34 62 34 17 17 22 
30 36 86 79 25 2 85 38 18 8 47 86 53 5 77 26 99 19 67 94 47 54 70 0 60 56 51 57 76 44 13 49 55 30 
75 1 67 41 7 97 83 64 67 6 16 61 52 50 67 39 21 6 59 7 47 85 74 38 0 92 26 44 75 3 30 9 59 75 
93 56 40 96 96 99 88 17 8 82 45 73 96 3 64 4 57 35 48 54 81 94 22 76 13 0 37 5 11 3 6 6 62 34 
7 9 11 15 28 55 37 93 16 96 49 40 98 27 48 78 9 97 23 69 23 20 50 44 98 3 0 12 93 39 77 58 16 78 
48 69 60 70 17 5 68 23 54 40 9 62 3 59 26 62 87 59 41 100 54 42 78 43 6 93 14 0 29 55 50 80 28 7 
33 73 45 26 71 97 88 4 59 56 20 55 50 15 92 100 7 37 68 90 47 12 89 24 43 94 97 81 0 77 76 52 44 7 
20 72 75 52 14 19 89 72 2 93 26 43 78 51 41 57 48 76 86 35 2 98 68 65 35 73 59 50 44 0 32 10 52 97 
81 53 58 63 4 50 29 99 23 63 99 64 22 34 79 38 93 63 93 19 55 3 17 88 16 88 95 25 19 58 0 33 72 44 
40 38 59 98 95 10 24 3 59 72 62 2 46 77 92 61 11 76 24 65 24 70 62 73 18 14 89 40 79 92 40 0 38 17 
54 84 38 86 3 100 50 18 88 41 28 30 76 89 60 11 2 70 81 64 2 52 53 35 81 99 26 59 36 14 23 2 0 77 
95 78 57 3 32 92 53 49 27 17 1 22 2 9 85 52 29 47 19 9 93 30 60 58 89 71 66 60 35 56 14 12 65 0 