30
0 69 8 39 59 40 38 68 50 34 63 93 75 16 65 26 99 35 56 70 92 73 59 31 16 55 26 20 95 28 
31 0 15 93 42 94 92 44 76 6 10 20 46 33 54 79 74 48 42 63 10 68 4 9 28 35 73 16 19 56 
26 78 0 77 23 39 19 79 79 52 88 94 61 48 56 14 31 1 34 38 49 51 81 66 86 33 86 49 29 1 
30 48 82 0 35 100 48 61 68 7 7 58 17 69 98 47 53 78 57 18 90 33 25 61 44 94 25 24 61 9 
30 32 97 16 0 1 38 57 16 8 82 28 37 81 58 61 95 73 100 64 14 67 20 40 59 70 30 73 52 41 
68 77 27 82 74 0 84 1 30 14 50 13 2 62 61 61 38 23 8 76 17 39 93 21 12 16 58 72 5 43 
9 45 52 72 39 35 0 71 14 42 10 1 55 59 96 52 31 88 48 68 17 29 20 80 72 47 35 66 50 95 
5 69 51 24 60 70 72 0 84 81 80 69 44 36 34 88 88 8 74 94 10 47 8 63 64 52 49 35 83 48 
61 71 30 95 39 3 100 60 0 90 36 70 6 97 59 26 20 67 76 89 68 17 87 22 87 66 93 75 62 42 
49 85 6 65 95 68 34 82 17 0 62 91 21 32 31 93 29 79 69 67 50 85 79 35 39 57 68 88 68 33 
15 77 37 7 63 31 87 94 73 46 0 44 71 34 11 49 24 64 60 36 96 18 79 56 96 84 99 97 66 100 
10 30 11 31 56 19 86 80 74 1 9 0 26 90 48 18 25 46 18 86 44 61 96 78 20 22 27 22 6 97 
66 20 83 17 55 88 83 9 56 76 7 84 0 5 91 97 89 31 28 34 73 44 54 54 27 93 32 87 8 34 
63 15 49 84 21 11 73 54 16 94 49 1 49 0 97 16 96 59 59 79 100 57 86 22 47 92 53 19 29 87 
87 11 74 82 65 26 20 50 53 57 93 19 26 56 0 14 36 85 46 72 93 10 89 9 35 86 8 7 85 55 
13 61 82 57 100 81 4 38 43 68 64 21 9 67 100 0 76 82 15 42 19 25 62 45 32 45 71 83 5 88 
56 64 45 10 65 97 42 2 67 45 11 65 65 35 71 97 0 94 76 100 61 56 83 8 55 80 81 71 92 86 
57 87 37 83 44 12 70 22 95 60 90 92 57 48 58 38 95 0 20 9 41 30 62 65 25 40 1 84 1 38 
37 51 97 12 81 62 66 98 13 70 30 98 90 95 49 12 17 43 0 68 20 89 73 66 99 8 72 68 48 86 
33 68 18 41 96 73 95 1 21 36 52 57 84 45 84 88 41 83 95 0 33 96 88 31 78 96 95 75 61 58 
39 7 21 44 14 98 45 56 15 62 8 91 62 1 16 99 41 9 23 7 0 32 36 24 54 1 27 60 40 13 
43 51 27 79 18 79 57 22 72 41 39 88 15 14 39 56 56 61 43 97 54 0 47 16 92 56 25 62 20 35 
100 7 93 35 58 47 10 37 34 4 97 11 61 90 74 75 23 32 9 15 24 46 0 12 1 75 44 6 48 95 
35 44 90 2 60 37 11 87 29 66 68 52 40 76 51 1 66 58 70 83 66 53 54 0 85 24 41 28 10 60 
83 73 57 46 45 41 77 67 51 69 68 20 39 71 26 87 50 10 79 38 31 51 68 22 0 44 50 79 84 58 
32 72 83 35 89 68 44 91 79 41 69 43 76 78 25 55 92 24 11 19 24 14 18 24 35 0 90 49 70 24 
37 64 41 78 71 75 47 99 11 95 88 87 36 71 42 25 89 52 76 31 67 21 74 10 31 13 0 60 71 31 
64 87 12 43 86 92 70 88 48 65 31 10 41 50 28 73 64 44 16 46 83 23 22 28 91 96 54 0 90 1 
41 31 99 89 79 55 23 44 65 51 97 2 11 36 74 98 91 39 1 61 91 65 58 75 28 47 63 12 0 83 
28 42 36 50 28 11 2 41 26 53 8 36 23 97 89 25 14 67 62 46 66 9 75 60 35 28 72 7 67 0 