32
0 68 91 57 8 48 56 66 99 41 15 38 33 38 87 59 10 47 47 96 67 91 71 19 95 96 15 50 48 17 4 78 
20 0 26 99 51 71 43 3 98 57 64 27 91 55 82 11 57 10 39 18 9 49 63 29 57 23 97 94 65 56 100 62 
15 26 0 32 51 37 86 9 36 14 67 13 83 63 48 96 27 35 32 5 61 19 44 85 90 3 57 89 41 24 43 42 
2 10 89 0 32 49 96 31 34 42 95 33 70 51 18 68 11 77 1 1 4 16 68 97 14 29 39 63 16 44 29 100 
42 31 27 44 0 54 89 1 77 20 17 76 25 57 17 53 94 75 86 59 52 3 86 99 51 87 38 71 51 4 8 94 
35 92 84 60 100 0 91 65 74 72 38 64 17 14 52 70 86 94 33 31 15 38 25 95 84 92 27 85 62 66 46 9 
96 3 20 60 8 15 0 15 9 72 62 4 14 1 24 36 17 70 26 44 53 2 68 25 90 65 33 90 99 95 6 1 
68 51 65 69 93 56 91 0 13 38 88 27 79 72 58 13 57 17 35 52 6 77 41 69 88 59 25 12 29 84 61 66 
31 51 13 74 87 44 2 1 0 51 45 93 44 2 94 15 80 28 48 44 90 20 74 15 73 57 73 81 19 83 45 64 
5 55 94 6 80 48 10 92 36 0 59 97 85 82 42 81 63 92 43 95 91 81 75 34 77 26 78 56 9 53 90 58 
60 37 27 57 71 63 6 75 92 82 0 45 73 74 11 71 100 63 41 21 60 8 86 54 72 76 24 79 80 83 91 36 
46 18 51 48 95 41 97 59 67 74 15 0 33 19 93 43 72 37 63 23 74 2 7 9 70 54 14 81 69 84 49 98 
8 97 3 54 90 62 47 25 48 55 38 28 0 20 29 25 99 65 61 50 46 100 99 43 37 25 56 24 7 60 19 20 
47 96 91 91 36 57 32 41 73 81 65 53 78 0 70 51 66 96 61 31 21 57 4 37 2 18 91 36 76 23 18 14 
93 77 100 65 100 65 66 57 46 83 76 15 23 60 0 22 21 3 63 37 10 81 99 40 24 16 51 26 43 6 99 39 
76 97 66 76 99 54 3 48 33 37 68 34 89 76 8 0 30 19 22 79 41 16 68 89 77 24 1 10 100 41 66 14 
49 3 62 36 97 18 67 51 85 10 38 98 37 23 86 16 0 21 49 46 38 19 97 100 26 97 25 21 89 60 69 11 
40 27 32 14 78 45 38 53 13 62 11 51 9 68 24 14 91 0 86 48 85 40 70 22 48 21 8 23 77 72 11 11 
98 59 52 8 93 3 28 15 65 93 50 82 3 33 56 9 72 21 0 92 16 22 6 20 8 34 50 95 36 21 30 27 
7 18 94 87 76 3 24 19 39 50 10 11 74 30 60 52 72 15 80 0 16 76 22 12 28 68 54 34 81 45 93 42 
83 80 47 73 67 4 78 52 18 38 40 40 28 37 69 17 22 74 63 48 0 12 49 62 63 12 80 29 47 24 53 86 
38 17 84 30 15 32 23 78 27 51 14 62 87 63 49 91 83 69 63 36 60 0 94 69 89 72 4 86 73 45 34 74 
37 73 9 93 82 42 75 99 7 68 74 5 70 72 38 64 51 13 82 9 27 84 0 50 9 3 84 26 15 96 20 20 
46 38 23 98 93 19 15 14 27 64 53 23 67 7 53 39 90 62 6 3 76 87 13 0 79 40 67 7 90 29 23 80 
54 72 72 3 7 20 12 94 95 49 7 16 74 87 95 66 48 88 97 82 29 9 51 97 0 53 11 33 86 34 96 47 
58 66 78 85 15 9 9 64 27 13 100 48 79 36 14 39 96 98 98 18 91 30 52 72 86 0 6 59 7 83 68 88 
97 37 64 4 67 16 8 74 21 60 66 75 80 2 63 23 68 64 57 89 23 48 96 88 91 4 0 42 37 25 99 51 
2 40 8 76 19 69 19 49 10 94 73 27 25 13 59 99 96 91 50 29 35 27 92 10 8 28 53 0 77 74 66 8 
100 10 1 49 19 52 43 9 52 23 16 42 45 76 50 43 40 35 88 35 92 15 57 67 43 98 1 31 0 99 54 81 
26 14 28 14 33 90 62 2 90 69 84 25 27 67 72 81 89 24 96 15 63 45 39 86 30 76 57 66 85 0 54 24 
51 98 25 15 95 54 88 23 12 58 73 7 61 79 92 47 99 30 50 47 45 42 97 99 78 88 49 40 83 82 0 61 
26 72 12 81 95 36 86 58 39 7 94 62 53 4 83 42 16 52 71 12 54 25 57 69 43 67 53 29 21 13 12 0 