31
0 96 99 59 57 21 32 13 16 81 49 20 84 97 97 18 25 55 10 92 98 92 40 31 10 5 89 44 57 49 1 
7 0 49 67 98 92 84 45 78 5 97 81 3 86 64 51 33 22 64 88 17 81 69 95 9 15 13 94 85 57 33 
50 64 0 23 78 99 59 4 46 2 71 98 37 76 41 7 54 31 50 11 63 47 50 82 73 29 31 64 55 85 55 
57 50 43 0 48 56 32 36 53 90 46 96 28 79 14 55 4 77 13 50 31 18 48 88 44 94 74 89 33 100 42 
47 47 57 69 0 55 69 28 16 56 94 16 86 59 92 66 81 73 71 14 8 44 92 79 11 13 22 58 46 80 94 
41 68 21 8 2 0 34 11 24 66 84 81 58 44 9 96 16 20 29 47 9 56 92 99 4 28 3 44 75 36 70 
27 97 74 35 74 94 0 31 7 24 68 58 82 6 31 63 66 63 81 74 60 61 51 84 2 9 33 3 39 18 78 
16 65 17 2 43 1 73 0 15 54 28 11 23 28 33 62 83 64 9 65 28 91 3 16 98 72 77 52 13 85 45 
4 18 37 45 52 46 74 48 0 89 98 73 100 40 8 34 32 96 59 26 9 79 20 44 44 86 51 53 11 100 36 
66 18 55 55 49 96 46 70 16 0 78 23 76 8 1 93 92 94 73 83 5 35 92 1 35 26 79 12 56 25 26 
46 73 31 14 73 8 83 81 26 64 0 12 32 59 7 61 18 63 81 40 3 53 15 23 14 27 73 79 4 15 91 
66 66 59 14 74 64 10 61 62 68 75 0 45 92 34 42 12 99 11 67 19 88 96 57 97 34 48 43 93 51 18 
37 60 84 25 67 39 36 11 84 99 25 88 0 92 58 93 65 75 38 65 95 93 21 43 57 45 78 16 100 55 79 
78 55 4 29 93 93 60 12 67 75 29 67 86 0 11 76 97 2 54 55 55 14 52 66 27 24 42 74 17 40 54 
37 25 92 43 16 73 1 28 19 98 14 42 61 55 0 5 51 42 56 29 100 15 64 70 67 38 88 9 19 46 59 
35 39 1 44 51 89 63 57 45 56 75 5 36 75 80 0 2 96 97 54 7 94 15 9 43 13 87 12 65 20 34 
62 1 58 16 2 14 97 80 60 36 26 94 85 57 38 56 0 84 38 59 65 85 95 55 99 8 9 87 11 78 65 
15 20 6 92 86 2 57 30 37 23 19 85 90 98 41 83 38 0 50 22 37 25 81 10 63 46 28 34 7 39 94 
85 94 17 19 57 53 28 7 97 97 49 97 32 52 22 34 96 38 0 54 90 57 3 44 82 8 8 47 79 4 32 
71 89 31 42 66 36 14 23 72 1 38 43 16 38 87 36 68 79 24 0 46 15 95 70 79 80 44 7 46 82 74 
13 62 36 3 83 84 91 12 66 34 44 9 83 52 80 45 12 87 83 43 0 95 67 1 5 73 82 47 43 42 20 
34 49 34 27 35 87 18 14 13 28 63 2 6 24 44 31 27 15 31 37 6 0 19 86 92 5 49 60 62 57 28 
40 21 92 51 45 98 65 41 92 100 69 31 34 54 67 53 92 91 90 99 63 50 0 50 51 3 62 22 29 76 83 
2 28 33 37 17 54 81 4 67 55 32 65 65 84 15 73 27 80 30 65 84 83 30 0 5 34 38 47 8 60 38 
14 37 58 82 94 30 40 9 12 72 20 67 52 94 47 43 10 66 43 61 91 46 61 98 0 99 91 23 54 85 26 
80 96 34 74 8 91 100 34 80 10 43 88 45 49 98 62 7 60 71 65 18 39 67 40 91 0 52 46 42 4 97 
58 62 61 16 8 62 5 100 16 81 87 94 44 95 42 18 16 95 4 4 11 48 19 86 50 66 0 72 87 47 88 
80 61 13 39 80 90 95 75 41 1 7 49 11 53 98 2 52 71 44 45 16 19 32 84 17 70 12 0 57 57 62 
89 27 97 36 57 92 34 4 34 94 57 62 76 39 100 87 84 27 36 47 26 1 16 95 88 3 55 50 0 2 4 
15 57 14 38 89 31 37 45 74 79 63 51 71 83 25 73 15 70 72 63 92 9 62 18 73 72 66 99 37 0 87 
70 17 10 14 80 100 50 19 45 98 67 33 69 78 26 74 39 18 75 46 56 66 85 61 70 70 76 67 93 44 0 