20
0 32 64 52 37 100 55 25 13 27 24 5 68 37 87 86 84 79 22 45 
86 0 93 79 15 21 7 60 22 88 45 68 42 45 8 80 94 18 5 89 
39 83 0 1 84 42 90 82 80 8 12 96 2 88 90 21 5 19 79 32 
75 62 55 0 57 97 49 43 46 66 88 17 69 44 10 9 56 17 82 78 
24 40 74 53 0 83 23 82 38 49 84 17 59 25 79 51 3 68 13 53 
12 85 20 29 38 0 97 81 23 32 98 79 21 45 71 29 62 26 100 10 
43 79 60 12 64 99 0 67 66 72 38 96 71 5 65 87 22 68 82 8 
70 13 20 47 83 55 71 0 49 39 70 92 60 26 97 25 51 81 13 79 
64 50 95 51 56 43 53 24 0 50 51 81 86 94 72 19 100 18 28 14 
48 16 73 23 1 64 3 74 2 0 99 67 84 67 42 4 21 74 80 13 
57 83 66 34 76 80 90 31 62 26 0 28 51 16 42 94 47 7 60 59 
7 13 16 52 41 51 99 62 22 56 56 0 68 90 44 87 87 17 12 73 
82 5 48 67 20 5 48 85 22 22 29 30 0 29 14 7 57 36 6 57 
78 67 15 96 68 49 52 72 41 28 63 51 64 0 26 8 96 17 24 59 
74 95 47 64 2 41 2 24 58 19 4 61 60 100 0 41 21 55 32 85 
17 34 39 90 67 38 79 8 91 91 36 31 30 66 14 0 26 17 52 43 
87 94 73 46 93 83 94 6 10 46 3 78 86 35 76 24 0 8 9 91 
26 16 38 63 14 4 30 61 76 58 14 56 69 39 94 69 9 0 15 42 
59 55 55 30 36 18 59 5 45 72 24 23 36 87 39 91 90 57 0 1 
49 37 98 49 5 99 34 36 93 14 100 72 39 43 30 53 35 70 53 0 
