32
0 15 52 87 3 35 10 38 4 94 98 15 24 93 34 58 53 15 82 79 11 74 2 30 55 15 39 74 16 77 22 15 
24 0 52 71 85 81 32 57 30 88 32 87 72 29 82 16 51 76 50 67 53 73 94 39 76 41 91 62 95 34 69 20 
47 53 0 73 71 37 53 44 17 92 36 33 76 14 51 96 27 59 26 89 19 71 38 94 46 24 71 19 41 60 6 64 
28 23 1 0 58 37 74 53 51 15 23 46 93 77 66 12 14 16 31 76 98 11 36 77 66 28 23 80 58 54 11 71 
49 55 20 23 0 68 17 33 92 25 61 60 51 93 30 25 9 3 45 35 14 39 75 28 22 32 53 89 36 73 27 94 
7 42 41 9 66 0 79 65 2 82 18 67 41 68 45 2 27 92 11 76 15 45 22 57 67 2 52 89 75 98 94 53 
28 13 5 41 31 77 0 53 14 7 79 79 97 81 71 67 18 26 68 95 63 83 23 81 99 8 94 54 64 64 4 98 
21 6 30 77 44 98 56 0 24 65 11 56 4 38 86 90 76 2 6 21 70 92 32 8 80 44 54 15 90 48 90 84 
21 89 14 78 40 16 18 16 0 15 12 43 98 97 95 80 34 8 62 21 71 80 22 75 39 35 67 1 22 16 63 82 
89 89 61 84 18 4 61 48 75 0 76 77 55 20 66 17 63 42 68 81 46 46 4 76 6 45 73 35 1 50 97 21 
33 61 77 8 60 46 19 14 67 80 0 52 88 99 15 41 41 96 52 100 49 71 83 71 32 89 73 2 82 56 66 39 
77 96 12 96 100 4 100 10 59 79 41 0 69 67 31 21 16 66 4 5 79 9 8 61 19 61 74 41 21 22 34 57 
41 20 2 39 94 73 11 7 42 64 39 4 0 52 50 42 23 20 46 11 64 40 34 24 45 63 74 34 21 43 78 10 
31 83 80 8 59 99 12 60 42 6 54 3 42 0 64 33 7 65 6 17 96 62 16 27 4 66 96 3 26 40 46 34 
33 58 22 59 61 70 73 68 90 19 29 94 2 71 0 72 39 71 2 71 42 76 83 17 45 36 24 13 5 83 12 56 
23 17 20 32 96 98 35 92 92 90 4 12 12 47 93 0 34 11 47 68 1 81 11 51 18 50 22 13 62 85 24 96 
43 31 58 1 51 49 62 97 64 100 31 57 92 34 52 63 0 16 34 49 70 34 91 40 59 87 83 8 72 16 58 95 
67 55 26 75 88 68 4 50 11 54 60 4 91 29 54 86 83 0 33 74 42 12 60 46 33 17 28 67 53 64 74 19 
33 29 65 17 76 9 25 10 79 10 47 5 3 68 17 20 49 15 0 11 52 27 35 33 85 79 23 53 28 7 75 86 
51 50 43 50 33 52 91 50 39 83 85 30 68 14 6 22 56 71 30 0 80 35 38 95 16 84 88 66 79 49 24 42 
98 50 51 79 95 34 91 38 9 69 32 1 4 48 42 24 42 96 40 69 0 87 56 76 50 50 51 24 46 45 41 97 
7 31 83 70 97 21 37 20 45 92 95 76 29 12 96 59 3 94 56 52 37 0 37 55 61 87 48 51 67 22 65 48 
20 86 79 59 34 54 31 73 71 27 12 63 16 11 2 27 75 76 30 19 88 25 0 56 52 13 64 9 51 88 89 93 
67 69 82 33 41 53 30 98 74 76 77 41 29 99 44 12 60 37 42 68 55 12 43 0 84 39 51 81 66 93 62 73 
24 2 16 2 29 66 28 87 58 72 78 51 64 44 33 90 72 77 51 4 56 59 1 97 0 88 98 30 76 49 89 95 
58 10 37 64 12 26 4 97 45 43 34 77 75 57 64 39 14 44 15 30 38 61 19 93 74 0 1 46 85 45 83 46 
86 30 13 38 6 16 100 33 93 90 29 19 93 77 97 83 13 46 80 74 68 74 78 5 62 64 0 89 3 21 89 4 
11 7 55 68 75 8 53 73 43 32 100 19 59 62 45 88 94 28 61 1 57 34 19 67 84 23 100 0 41 87 6 81 
100 44 8 75 88 75 26 28 61 67 32 4 42 61 47 13 21 71 48 98 13 34 100 88 16 66 52 25 0 82 32 11 
64 81 11 54 34 76 96 33 63 47 28 45 58 79 47 84 64 51 82 75 92 33 26 85 76 30 61 45 86 0 14 32 
54 71 75 15 77 22 81 27 87 68 80 24 24 54 19 100 46 66 3 21 17 33 53 20 30 40 35 77 83 49 0 82 
10 85 70 41 32 61 52 59 13 11 53 3 27 9 44 35 55 37 30 6 68 87 57 23 8 91 19 25 33 45 45 0 