40
0 44 54 66 19 82 48 9 77 80 81 25 67 29 43 38 37 23 77 64 18 73 72 25 64 79 79 58 41 3 83 73 57 68 45 70 21 63 72 6 
100 0 59 95 21 71 3 43 21 96 59 9 98 93 86 72 45 23 70 72 80 26 94 29 59 98 35 70 3 15 62 39 72 70 52 88 12 68 40 76 
34 51 0 27 61 60 15 45 27 40 68 90 86 41 68 69 72 67 4 1 87 99 42 50 53 20 41 13 97 28 7 25 49 8 33 75 98 41 54 14 
63 63 84 0 91 23 9 13 2 90 69 88 60 34 77 58 41 36 75 60 78 6 99 68 64 90 100 88 65 94 66 54 84 74 58 54 50 57 21 50 
40 31 58 16 0 30 75 67 36 98 19 65 58 86 74 22 53 17 19 13 41 23 42 86 98 43 74 19 11 52 17 6 43 96 33 40 48 63 64 67 
93 54 44 49 66 0 21 79 47 86 54 33 56 98 10 82 93 99 58 69 81 18 97 1 34 10 67 82 45 92 80 41 27 38 66 100 59 55 77 96 
87 48 39 25 18 66 0 24 56 69 6 97 48 19 72 20 11 97 11 86 85 71 91 35 46 51 48 92 82 76 4 50 95 56 35 38 18 73 2 19 
90 48 49 57 6 89 30 0 58 14 99 69 86 75 49 33 95 64 29 70 90 74 22 89 56 64 34 35 49 33 4 84 56 95 16 98 39 91 85 67 
18 32 90 18 95 34 32 87 0 57 93 95 45 48 53 83 2 73 59 51 40 64 81 63 10 73 3 26 53 29 72 25 51 90 48 9 64 60 52 9 
60 77 36 6 58 29 31 58 87 0 8 76 99 74 45 72 39 19 87 18 39 55 15 39 56 48 69 47 61 89 89 95 49 84 36 17 49 17 55 6 
28 14 86 53 74 52 37 56 70 39 0 14 95 99 25 25 19 91 50 16 75 20 60 22 16 65 26 25 28 69 47 1 45 53 62 71 91 30 60 99 
91 66 58 21 52 21 27 89 26 68 29 0 33 26 47 83 26 74 1 21 52 90 31 24 28 100 94 41 6 5 75 62 61 30 62 24 93 92 12 59 
34 28 32 16 70 54 46 67 13 93 54 34 0 81 55 95 17 27 33 60 28 79 97 76 34 6 34 98 65 36 64 12 58 89 46 49 5 53 8 35 
16 91 34 7 44 92 12 25 70 3 77 79 40 0 17 54 2 18 79 17 19 38 1 39 65 46 31 74 33 79 37 95 47 55 25 100 100 54 65 42 
18 98 70 22 94 17 100 74 82 4 19 2 6 99 0 28 19 14 90 44 23 11 67 90 66 53 70 41 61 17 23 94 76 64 16 80 19 85 45 7 
14 94 41 16 19 26 4 20 64 12 90 11 94 5 21 0 92 26 17 75 39 10 3 32 19 91 22 87 74 17 17 92 80 62 76 61 93 16 11 29 
45 50 76 90 26 72 40 19 68 73 62 12 42 32 3 64 0 89 31 27 97 59 19 10 79 14 39 66 41 16 95 62 15 54 47 46 21 34 48 79 
94 41 57 79 65 66 17 29 15 46 44 26 60 9 65 36 66 0 79 23 62 86 23 86 74 47 34 25 85 59 93 66 83 89 11 69 45 9 12 77 
50 30 38 54 25 38 88 44 39 72 58 94 7 31 84 24 92 45 0 77 83 92 15 63 90 94 34 62 49 75 74 91 3 4 60 51 50 81 93 7 
22 87 14 16 13 7 77 84 75 86 89 80 6 52 48 23 5 44 51 0 88 26 98 43 62 44 45 51 75 8 95 67 96 4 35 75 91 15 64 45 
29 70 56 66 69 46 97 3 5 31 90 79 48 75 54 72 9 3 1 50 0 83 31 57 74 7 16 30 93 9 40 38 58 77 68 58 44 45 22 7 
75 62 76 71 34 49 10 21 30 33 69 71 44 47 15 89 35 39 13 27 77 0 29 76 37 49 100 50 61 67 59 59 22 94 54 2 95 82 43 90 
65 71 70 69 33 15 73 47 35 20 92 14 38 52 11 36 26 93 62 31 17 77 0 10 32 89 41 62 24 47 45 67 55 10 29 40 40 94 27 56 
15 62 29 38 58 3 19 1 56 68 63 31 100 71 63 65 57 30 86 28 26 21 29 0 86 92 45 35 15 38 43 39 76 61 96 90 30 89 87 52 
56 19 81 9 7 84 87 36 13 88 34 47 19 13 82 77 81 18 43 64 12 60 55 34 0 98 37 70 87 20 63 100 11 82 4 30 71 81 37 99 
19 34 52 78 82 13 77 49 51 50 93 13 1 19 97 94 84 13 6 14 6 17 83 47 82 0 100 60 39 5 19 59 90 75 96 4 68 3 16 96 
3 31 35 53 75 37 33 14 62 31 1 59 53 15 59 56 95 47 40 4 23 42 70 29 95 56 0 82 2 9 9 100 51 24 46 83 79 60 88 35 
48 60 100 11 52 45 62 16 76 74 71 56 46 57 69 94 73 29 69 37 20 97 53 65 76 45 27 0 17 74 30 41 81 38 79 32 73 80 30 2 
17 33 94 21 71 40 58 39 25 56 38 77 39 71 40 28 30 27 42 86 50 82 36 21 27 74 16 45 0 39 66 17 46 99 47 98 6 40 52 100 
96 51 90 80 22 99 68 99 82 45 77 40 21 3 19 85 83 70 78 16 16 36 81 86 37 84 25 25 43 0 44 65 51 40 21 80 27 73 84 1 
56 55 30 37 46 42 71 38 45 38 18 4 31 95 57 84 22 50 83 45 16 48 8 99 34 2 77 86 89 94 0 65 40 10 39 42 4 10 24 94 
16 67 91 89 63 21 38 68 92 69 21 18 64 27 53 39 63 14 53 15 10 71 46 89 71 95 72 59 28 9 91 0 65 61 34 13 26 80 57 66 
49 73 8 91 77 50 82 46 99 25 13 38 63 15 52 7 79 48 22 47 95 12 56 13 60 52 39 36 46 65 71 51 0 47 59 72 87 87 45 41 
37 90 15 45 29 93 63 82 20 57 70 47 49 42 30 32 38 88 1 83 68 6 21 17 25 69 97 66 21 19 42 98 53 0 77 48 76 10 50 78 
15 65 90 94 66 21 30 72 48 47 77 35 97 43 4 67 61 16 87 7 32 14 10 97 1 46 23 68 18 80 11 36 60 59 0 66 56 35 50 17 
19 28 29 73 14 96 86 92 90 100 7 78 84 22 48 18 62 2 43 65 31 32 89 66 83 59 71 90 35 8 83 4 35 18 87 0 72 60 52 11 
26 27 97 20 82 8 14 40 95 44 25 7 98 97 73 92 29 68 90 80 8 26 13 60 72 88 20 65 73 26 92 34 35 60 51 30 0 87 91 30 
47 92 85 63 27 95 53 50 31 66 14 93 39 55 50 38 80 46 97 50 6 60 77 27 25 14 47 83 94 44 44 6 83 83 75 2 39 0 49 69 
11 44 58 4 28 75 28 79 54 91 85 4 24 22 2 2 96 72 46 76 57 15 96 69 60 79 14 79 67 64 40 67 56 93 77 97 45 11 0 86 
99 59 97 95 67 67 8 86 53 45 75 47 37 15 23 46 76 7 51 84 4 90 74 26 17 77 23 99 66 94 16 68 83 41 2 68 83 45 62 0 