26
0 85 98 16 20 22 16 34 61 84 35 41 27 91 39 64 22 93 28 75 11 86 47 25 9 96 
11 0 47 53 35 18 14 2 90 26 77 86 28 67 73 39 58 62 2 77 68 27 25 16 15 98 
47 90 0 2 56 36 94 86 78 65 66 58 68 17 28 75 64 2 14 10 84 79 69 44 56 71 
18 39 64 0 73 12 9 67 34 98 81 60 96 83 10 89 25 74 62 6 51 79 25 99 76 28 
65 39 73 21 0 32 84 8 61 93 98 74 79 34 83 15 83 100 69 63 70 10 76 53 98 15 
53 45 44 48 71 0 93 61 96 96 8 16 70 69 30 17 62 84 42 100 80 99 38 58 1 6 
65 47 61 68 2 54 0 62 46 35 16 15 55 100 39 70 32 80 5 42 49 87 62 16 79 81 
32 71 10 15 43 22 88 0 71 48 3 8 92 79 78 95 54 12 36 58 60 93 5 78 54 65 
65 58 55 30 79 68 39 85 0 99 17 56 38 39 26 82 2 14 100 61 83 47 72 64 12 50 
47 44 94 78 85 23 29 20 39 0 60 30 71 14 1 32 81 19 20 23 41 61 52 30 90 82 
58 32 65 23 2 38 48 5 43 10 0 66 20 87 32 1 73 21 84 74 30 1 37 43 24 92 
78 31 14 29 53 66 17 44 47 74 4 0 55 37 18 2 11 96 2 81 59 91 89 38 28 96 
25 79 55 15 27 91 88 33 45 71 27 32 0 48 20 32 38 11 40 62 10 14 2 31 98 62 
42 100 2 60 93 31 42 33 97 29 9 21 96 0 79 35 100 84 14 31 83 97 44 49 91 15 
36 49 48 89 4 92 76 16 69 68 3 87 69 85 0 20 43 21 4 21 18 49 51 73 4 35 
3 45 22 93 48 11 83 15 9 19 16 63 40 62 56 0 6 45 77 92 9 17 88 72 76 53 
10 54 67 90 91 36 55 4 46 29 97 21 76 100 35 6 0 46 86 17 82 91 62 42 26 87 
59 24 28 13 34 25 33 66 63 96 44 62 17 26 35 80 34 0 7 5 60 91 34 29 50 52 
12 36 68 35 24 32 80 6 87 91 58 2 41 34 95 23 16 70 0 16 22 80 96 84 81 71 
41 78 34 71 89 39 43 25 41 43 35 75 43 79 20 90 83 18 11 0 33 57 92 30 78 80 
83 97 49 84 27 12 16 52 95 72 81 88 34 21 78 14 50 80 72 47 0 29 96 97 26 85 
43 55 52 16 2 83 64 91 11 9 99 23 63 58 48 55 47 46 11 14 50 0 77 33 65 59 
54 18 72 93 10 49 43 19 42 69 3 28 85 41 86 36 46 84 72 86 33 53 0 34 66 96 
48 80 5 79 50 93 79 54 11 55 18 66 84 81 26 75 48 98 26 17 31 83 54 0 51 90 
21 94 62 59 20 82 33 36 59 98 82 25 75 31 51 92 50 31 62 80 35 64 66 17 0 12 
37 46 47 36 87 38 62 55 30 29 6 17 11 84 29 16 26 39 83 30 81 55 87 8 83 0 
